%YAML:1.0
---
CameraCount: 4
Cameras:
   -
      Name: CameraF
      C: 1.0008920191979307e+00
      D: 1.7406618247753124e-03
      E: -7.6182782864667295e-05
      U0: 5.4500542913780987e+02
      V0: 9.7170397254303600e+02
      Poly: [ -7.7097262648976482e+02, 0., 1.4590548889179794e-102,
          -1.6681157496580505e-106, -8.9655060551710901e-109 ]
      InversePoly: [ 3.4894610594200308e+03, 1.5179410474846227e+04,
          4.0226904406321628e+04, 5.6339344824805448e+04,
          3.4418677773558164e+04, -2.6020283218579402e+03,
          -1.0471219151077419e+04, 4.3827195163761480e+03,
          1.0329603683951844e+04, 5.0171353212122785e+03,
          8.1483608006416580e+02, -3.2252763674707081e+00 ]
      # Extrinsic parameters: [0-2] rotation vector, [3-5] translation vector.
      Extrinsic: [ 0., 0., 0., 5.7305349602586526e-38,
          -4.3368086899420187e-19, 2.1684043449710093e-19 ]
   -
      Name: CameraR
      C: 1.0428492759657102e+00
      D: 2.2850883050044559e-03
      E: -1.6503534643166413e-04
      U0: 5.6107168596177053e+02
      V0: 9.9459352860993420e+02
      Poly: [ -7.0031721719525808e+02, 0., -2.9939269524543570e-102,
          9.1131163995789752e-105, -5.7270790140668102e-108 ]
      InversePoly: [ 3.1766751964410546e+03, 1.3066873793205465e+04,
          3.3809126423320347e+04, 4.5621961963497270e+04,
          2.5066703955088193e+04, -2.4566503819537602e+03,
          2.1239277393468374e+03, 2.3336867082739605e+04,
          2.5887807051920565e+04, 1.2708341684751951e+04,
          2.9574830994470917e+03, 2.5546930720168703e+02 ]
      # Extrinsic parameters: [0-2] rotation vector, [3-5] translation vector.
      Extrinsic: [ 1.5589669953314167e+00, -7.5078816084466066e-02,
          1.5050833523400187e-01, -6.9930722620030264e-03,
          8.0963557434000785e-02, 4.5405484152445608e-02 ]
   -
      Name: CameraB
      C: 1.0012466021560513e+00
      D: 3.3470600119103375e-03
      E: -5.1567365769095478e-04
      U0: 5.2223921466290562e+02
      V0: 9.6008367535769491e+02
      Poly: [ -7.8054713868513227e+02, 0., -4.5263723510150377e-103,
          1.2603033944906237e-105, -7.7709317011423952e-109 ]
      InversePoly: [ 2.4887591367366322e+03, 8.1685193097200508e+03,
          2.0165731923756193e+04, 2.7678818362985945e+04,
          1.5913428256416037e+04, -2.3638008084842199e+03,
          -5.3073517111005985e+03, 1.6469976913545079e+03,
          3.2320359872658237e+03, 6.0494412632485898e+02,
          -3.9431487222851007e+02, -1.2844630892473762e+02 ]
      # Extrinsic parameters: [0-2] rotation vector, [3-5] translation vector.
      Extrinsic: [ 3.0573565043255879e+00, 4.0268072496724538e-02,
          5.3637106927622791e-01, -1.9544103019117069e-02,
          3.4832182331286134e-02, 1.1919831511098271e-01 ]
   -
      Name: CameraL
      C: 1.0415921303930253e+00
      D: 2.7811991918925234e-03
      E: 7.4456818942358500e-05
      U0: 5.3152009396208427e+02
      V0: 9.4700348372469830e+02
      Poly: [ -7.8698015834179057e+02, 0., -5.7863229347203853e-103,
          1.6682416785336595e-105, -1.0772420768601360e-108 ]
      InversePoly: [ 2.1967290300232798e+03, 5.6665405478606708e+03,
          1.1518168913517336e+04, 1.2394850222776618e+04,
          1.9182475852206016e+03, -7.7026974212784298e+03,
          -5.5341332379777386e+03, -1.6089956234798035e+02,
          -4.6064335574236274e+01, -1.3587626962627032e+03,
          -8.9284815041342006e+02, -1.7105252257185177e+02 ]
      # Extrinsic parameters: [0-2] rotation vector, [3-5] translation vector.
      Extrinsic: [ -1.5682968300839017e+00, -6.9213144616793676e-02,
          -1.4212064563824509e-01, -1.4406719419399760e-02,
          -4.8226895805242052e-02, 7.4127767676874692e-02 ]
