%YAML:1.0
---
CameraCount: 4
Cameras:
   -
      Name: CameraF
      C: 1.0015383308136629e+00
      D: 5.5766392623359407e-04
      E: 2.5318101168341077e-03
      U0: 5.4278904866642608e+02
      V0: 9.7070078898251461e+02
      Poly: [ -8.5717700556683405e+02, 0., 3.2121423872894119e-04,
          -3.9488036039293111e-08, 6.1596656003610677e-11 ]
      InversePoly: [ 5.0232005880300794e+03, 2.8558771476781680e+04,
          9.1271286828551223e+04, 1.6629129823078873e+05,
          1.7744255187636983e+05, 1.0394410726379223e+05,
          1.6953996855559955e+04, -2.1553679992920232e+04,
          -1.9555346025588555e+04, -8.5229866917612526e+03,
          -2.1826583791489329e+03, -2.6338840402782552e+02 ]
      # Extrinsic parameters: [0-2] rotation vector, [3-5] translation vector.
      Extrinsic: [ 0., 0., 0., -3.7321945638607628e-37,
          4.3368086899420177e-19, -3.7615819226313200e-37 ]
   -
      Name: CameraR
      C: 1.0424542787287536e+00
      D: 4.0707234294714515e-03
      E: -1.9566579364272920e-04
      U0: 5.6220649294375824e+02
      V0: 9.8278837941800384e+02
      Poly: [ -8.4620367340507596e+02, 0., 3.2070469196945249e-04,
          6.5656447452841903e-09, 9.3974450373467859e-12 ]
      InversePoly: [ 3.3123071020795001e+03, 1.4588869061765079e+04,
          4.0334915052184748e+04, 5.9115204272281015e+04,
          3.7402179851346489e+04, -5.2690184520813173e+03,
          -1.8206609218989659e+04, -1.9122397842900662e+03,
          8.0604767389489007e+03, 4.6863687454315968e+03,
          7.7914998569671627e+02, -1.6087859936448925e+01 ]
      # Extrinsic parameters: [0-2] rotation vector, [3-5] translation vector.
      Extrinsic: [ 1.5760047851294829e+00, -4.6495801940184010e-02,
          1.4530579937399424e-01, -1.3069967934541961e-02,
          8.5429808123450413e-02, 3.6536433311336831e-02 ]
   -
      Name: CameraB
      C: 1.0012207433047675e+00
      D: 2.4721284550309423e-03
      E: 1.8745296793339040e-04
      U0: 5.2241536670877713e+02
      V0: 9.6727024879976022e+02
      Poly: [ -8.4492089915124325e+02, 0., 3.3391879341775922e-04,
          -5.2512153985753263e-09, 7.0968429588831523e-12 ]
      InversePoly: [ 3.2720346400118642e+03, 1.4415306121001811e+04,
          4.0321626974696330e+04, 5.9855135190128596e+04,
          3.7798721778269246e+04, -8.5127478465809745e+03,
          -2.6066142251370136e+04, -1.0313780171008071e+04,
          3.2699778766188556e+03, 3.3300247187378009e+03,
          6.7054718084139415e+02, 7.8969595588301966e-01 ]
      # Extrinsic parameters: [0-2] rotation vector, [3-5] translation vector.
      Extrinsic: [ 3.0676375024152112e+00, 2.9358377411404304e-02,
          5.0045720665827420e-01, -2.5793736263468113e-02,
          3.2803403064330404e-02, 1.1704144823600909e-01 ]
   -
      Name: CameraL
      C: 1.0414350132127137e+00
      D: 4.0629835135387289e-03
      E: -4.4112546844495291e-04
      U0: 5.3387666421920153e+02
      V0: 9.3890164505482790e+02
      Poly: [ -8.4470024036526229e+02, 0., 2.7541875136015642e-04,
          1.9762810115826477e-07, -1.8983562689211727e-10 ]
      InversePoly: [ 1.7704712528210039e+03, 2.6022373430226098e+03,
          2.3915552999501419e+03, -2.3459587901676568e+03,
          -1.2407223990097769e+04, -1.6628908141884720e+04,
          -8.8461020783350978e+03, 4.5942401174426413e+02,
          2.2853999342884676e+03, 4.4241357008957249e+02,
          -2.5572944933528248e+02, -8.3523582342032284e+01 ]
      # Extrinsic parameters: [0-2] rotation vector, [3-5] translation vector.
      Extrinsic: [ -1.5731673231826970e+00, -3.3834857788724679e-02,
          -1.5497549080946760e-01, -1.0476892856795062e-02,
          -4.7801427433820792e-02, 7.5286064416770951e-02 ]
