%YAML:1.0
---
CameraCount: 4
Cameras:
   -
      Name: CameraF
      C: 1.0013810000000001e+00
      D: 3.0130000000000001e-03
      E: 1.8500000000000000e-04
      U0: 9.7216943400000002e+02
      V0: 5.4330742599999996e+02
      Poly: [ -8.5869389999999999e+02, 0., 3.2140709999999999e-04,
          -4.6601640000000002e-09, 1.6666790000000001e-11 ]
      InversePoly: [ 1.5547743250000001e+03, 1.2654218719999999e+03,
          2.8115655099999998e+02, 7.9819896999999997e+01,
          1.0448525000000000e+01, 1.5717730000000001e+00, 0., 0., 0., 0.,
          0., 0. ]
      # Extrinsic parameters: [0-2] rotation vector, [3-5] translation vector.
      Extrinsic: [ 0., 0., 0., -1.1754943508222872e-38,
          4.3368086899420168e-19, 6.9388939039072268e-18 ]
   -
      Name: CameraR
      C: 1.0426050000000000e+00
      D: 1.7979999999999999e-03
      E: 1.2250000000000000e-03
      U0: 9.9142854499999999e+02
      V0: 5.6419458199999997e+02
      Poly: [ -8.3324810000000002e+02, 0., 3.3463539999999998e-04,
          -1.6722839999999999e-08, 1.5295410000000001e-11 ]
      InversePoly: [ 1.5522892770000001e+03, 1.3482960490000000e+03,
          3.9727919200000002e+02, 1.3456271699999999e+02,
          1.9943906999999999e+01, 1.5186670000000000e+00, 0., 0., 0., 0.,
          0., 0. ]
      # Extrinsic parameters: [0-2] rotation vector, [3-5] translation vector.
      Extrinsic: [ 3.4985330972089786e-02, -1.7032301045659555e+00,
          -1.9459487841800377e-01, 3.5150267063520070e-02,
          -1.2882766302209792e-02, -1.1868849108767950e-02 ]
   -
      Name: CameraB
      C: 1.0013900000000000e+00
      D: -1.2895000000000000e-02
      E: 1.5240000000000000e-02
      U0: 9.6905829300000005e+02
      V0: 5.2418894899999998e+02
      Poly: [ -8.4174549999999999e+02, 0., 3.5533480000000001e-04,
          -5.5589660000000001e-08, 3.9438420000000001e-11 ]
      InversePoly: [ 1.5229036810000000e+03, 1.2002778659999999e+03,
          1.4195160200000001e+02, -8.3388454999999993e+01,
          -7.3594087999999999e+01, -1.4335255999999999e+01, 0., 0., 0.,
          0., 0., 0. ]
      # Extrinsic parameters: [0-2] rotation vector, [3-5] translation vector.
      Extrinsic: [ -8.5355583791933393e-02, -3.0829481683965914e+00,
          -4.9815014200236701e-01, -5.5279368603730415e-02,
          -3.1819997812163318e-02, 8.7842223928162669e-02 ]
   -
      Name: CameraL
      C: 1.0415650000000001e+00
      D: -1.1391000000000000e-02
      E: 1.4607000000000000e-02
      U0: 9.3867565500000001e+02
      V0: 5.3389379399999996e+02
      Poly: [ -8.4743499999999995e+02, 0., 3.3255349999999998e-04,
          -1.4395620000000000e-08, 2.0111440000000000e-11 ]
      InversePoly: [ 1.5376778320000001e+03, 1.2592311560000001e+03,
          2.8294032499999997e+02, 7.2614890000000003e+01,
          3.8798830000000000e+00, 0., 0., 0., 0., 0., 0., 0. ]
      # Extrinsic parameters: [0-2] rotation vector, [3-5] translation vector.
      Extrinsic: [ 4.2498123058147333e-02, 1.4258153687631256e+00,
          1.4384867009725638e-01, -9.5907564209354410e-02,
          -1.7378560992026348e-02, 1.1539074275653705e-01 ]
