%YAML:1.0
---
Iw: 1920
Ih: 1080
nrpol: 5
nrinvpol: 12
# Polynomials
a0: -7.8698015834179057e+02
a1: 0.
a2: -5.7863229347203853e-103
a3: 1.6682416785336595e-105
a4: -1.0772420768601360e-108
# Inversed polynomials
pol0: 2.1967290300232798e+03
pol1: 5.6665405478606708e+03
pol2: 1.1518168913517336e+04
pol3: 1.2394850222776618e+04
pol4: 1.9182475852206016e+03
pol5: -7.7026974212784298e+03
pol6: -5.5341332379777386e+03
pol7: -1.6089956234798035e+02
pol8: -4.6064335574236274e+01
pol9: -1.3587626962627032e+03
pol10: -8.9284815041342006e+02
pol11: -1.7105252257185177e+02
# Affine matrix
c: 1.0415921303930253e+00
d: 2.7811991918925234e-03
e: 7.4456818942358500e-05
# Principle point
u0: 5.3152009396208427e+02
v0: 9.4700348372469830e+02
# No mask used
mirrorMask: 0
