%YAML:1.0
---
Iw: 1920
Ih: 1080
nrpol: 5
nrinvpol: 12
# Polynomials
a0: -8.5717700556683405e+02
a1: 0.
a2: 3.2121423872894119e-04
a3: -3.9488036039293111e-08
a4: 6.1596656003610677e-11
# Inversed polynomials
pol0: 5.0232005880300794e+03
pol1: 2.8558771476781680e+04
pol2: 9.1271286828551223e+04
pol3: 1.6629129823078873e+05
pol4: 1.7744255187636983e+05
pol5: 1.0394410726379223e+05
pol6: 1.6953996855559955e+04
pol7: -2.1553679992920232e+04
pol8: -1.9555346025588555e+04
pol9: -8.5229866917612526e+03
pol10: -2.1826583791489329e+03
pol11: -2.6338840402782552e+02
# Affine matrix
c: 1.0015383308136629e+00
d: 5.5766392623359407e-04
e: 2.5318101168341077e-03
# Principle point
u0: 5.4278904866642608e+02
v0: 9.7070078898251461e+02
# No mask used
mirrorMask: 0
