%YAML:1.0
---
Iw: 1920
Ih: 1080
nrpol: 5
nrinvpol: 12
# Polynomials
a0: -8.3324810000000002e+02
a1: 0.
a2: 3.3463539999999998e-04
a3: -1.6722839999999999e-08
a4: 1.5295410000000001e-11
# Inversed polynomials
pol0: 1.5522892770000001e+03
pol1: 1.3482960490000000e+03
pol2: 3.9727919200000002e+02
pol3: 1.3456271699999999e+02
pol4: 1.9943906999999999e+01
pol5: 1.5186670000000000e+00
pol6: 0.
pol7: 0.
pol8: 0.
pol9: 0.
pol10: 0.
pol11: 0.
# Affine matrix
c: 1.0426050000000000e+00
d: 1.7979999999999999e-03
e: 1.2250000000000000e-03
# Principle point
u0: 9.9142854499999999e+02
v0: 5.6419458199999997e+02
# No mask used
mirrorMask: 0
