%YAML:1.0
---
Iw: 1920
Ih: 1080
nrpol: 5
nrinvpol: 12
# Polynomials
a0: -8.4174549999999999e+02
a1: 0.
a2: 3.5533480000000001e-04
a3: -5.5589660000000001e-08
a4: 3.9438420000000001e-11
# Inversed polynomials
pol0: 1.5229036810000000e+03
pol1: 1.2002778659999999e+03
pol2: 1.4195160200000001e+02
pol3: -8.3388454999999993e+01
pol4: -7.3594087999999999e+01
pol5: -1.4335255999999999e+01
pol6: 0.
pol7: 0.
pol8: 0.
pol9: 0.
pol10: 0.
pol11: 0.
# Affine matrix
c: 1.0013900000000000e+00
d: -1.2895000000000000e-02
e: 1.5240000000000000e-02
# Principle point
u0: 5.2418894899999998e+02
v0: 9.6905829300000005e+02
# No mask used
mirrorMask: 0
