%YAML:1.0
---
Iw: 1920
Ih: 1080
nrpol: 5
nrinvpol: 12
# Polynomials
a0: -7.0031721719525808e+02
a1: 0.
a2: -2.9939269524543570e-102
a3: 9.1131163995789752e-105
a4: -5.7270790140668102e-108
# Inversed polynomials
pol0: 3.1766751964410546e+03
pol1: 1.3066873793205465e+04
pol2: 3.3809126423320347e+04
pol3: 4.5621961963497270e+04
pol4: 2.5066703955088193e+04
pol5: -2.4566503819537602e+03
pol6: 2.1239277393468374e+03
pol7: 2.3336867082739605e+04
pol8: 2.5887807051920565e+04
pol9: 1.2708341684751951e+04
pol10: 2.9574830994470917e+03
pol11: 2.5546930720168703e+02
# Affine matrix
c: 1.0428492759657102e+00
d: 2.2850883050044559e-03
e: -1.6503534643166413e-04
# Principle point
u0: 5.6107168596177053e+02
v0: 9.9459352860993420e+02
# No mask used
mirrorMask: 0
