%YAML:1.0
---
Iw: 1920
Ih: 1080
nrpol: 5
nrinvpol: 12
# Polynomials
a0: -8.4743499999999995e+02
a1: 0.
a2: 3.3255349999999998e-04
a3: -1.4395620000000000e-08
a4: 2.0111440000000000e-11
# Inversed polynomials
pol0: 1.5376778320000001e+03
pol1: 1.2592311560000001e+03
pol2: 2.8294032499999997e+02
pol3: 7.2614890000000003e+01
pol4: 3.8798830000000000e+00
pol5: 0.
pol6: 0.
pol7: 0.
pol8: 0.
pol9: 0.
pol10: 0.
pol11: 0.
# Affine matrix
c: 1.0415650000000001e+00
d: -1.1391000000000000e-02
e: 1.4607000000000000e-02
# Principle point
u0: 5.3389379399999996e+02
v0: 9.3867565500000001e+02
# No mask used
mirrorMask: 0
