%YAML:1.0
---
Iw: 1920
Ih: 1080
nrpol: 5
nrinvpol: 12
# Polynomials
a0: -8.4470024036526229e+02
a1: 0.
a2: 2.7541875136015642e-04
a3: 1.9762810115826477e-07
a4: -1.8983562689211727e-10
# Inversed polynomials
pol0: 1.7704712528210039e+03
pol1: 2.6022373430226098e+03
pol2: 2.3915552999501419e+03
pol3: -2.3459587901676568e+03
pol4: -1.2407223990097769e+04
pol5: -1.6628908141884720e+04
pol6: -8.8461020783350978e+03
pol7: 4.5942401174426413e+02
pol8: 2.2853999342884676e+03
pol9: 4.4241357008957249e+02
pol10: -2.5572944933528248e+02
pol11: -8.3523582342032284e+01
# Affine matrix
c: 1.0414350132127137e+00
d: 4.0629835135387289e-03
e: -4.4112546844495291e-04
# Principle point
u0: 5.3387666421920153e+02
v0: 9.3890164505482790e+02
# No mask used
mirrorMask: 0
