%YAML:1.0
---
Iw: 1920
Ih: 1080
nrpol: 5
nrinvpol: 12
# Polynomials
a0: -7.7097262648976482e+02
a1: 0.
a2: 1.4590548889179794e-102
a3: -1.6681157496580505e-106
a4: -8.9655060551710901e-109
# Inversed polynomials
pol0: 3.4894610594200308e+03
pol1: 1.5179410474846227e+04
pol2: 4.0226904406321628e+04
pol3: 5.6339344824805448e+04
pol4: 3.4418677773558164e+04
pol5: -2.6020283218579402e+03
pol6: -1.0471219151077419e+04
pol7: 4.3827195163761480e+03
pol8: 1.0329603683951844e+04
pol9: 5.0171353212122785e+03
pol10: 8.1483608006416580e+02
pol11: -3.2252763674707081e+00
# Affine matrix
c: 1.0008920191979307e+00
d: 1.7406618247753124e-03
e: -7.6182782864667295e-05
# Principle point
u0: 5.4500542913780987e+02
v0: 9.7170397254303600e+02
# No mask used
mirrorMask: 0
