%YAML:1.0
---
Iw: 1920
Ih: 1080
nrpol: 5
nrinvpol: 12
# Polynomials
a0: -8.5869389999999999e+02
a1: 0.
a2: 3.2140709999999999e-04
a3: -4.6601640000000002e-09
a4: 1.6666790000000001e-11
# Inversed polynomials
pol0: 1.5547743250000001e+03
pol1: 1.2654218719999999e+03
pol2: 2.8115655099999998e+02
pol3: 7.9819896999999997e+01
pol4: 1.0448525000000000e+01
pol5: 1.5717730000000001e+00
pol6: 0.
pol7: 0.
pol8: 0.
pol9: 0.
pol10: 0.
pol11: 0.
# Affine matrix
c: 1.0013810000000001e+00
d: 3.0130000000000001e-03
e: 1.8500000000000000e-04
# Principle point
u0: 9.7216943400000002e+02
v0: 5.4330742599999996e+02
# No mask used
mirrorMask: 0
