%YAML:1.0
---
Iw: 1920
Ih: 1080
nrpol: 5
nrinvpol: 12
# Polynomials
a0: -8.4492089915124325e+02
a1: 0.
a2: 3.3391879341775922e-04
a3: -5.2512153985753263e-09
a4: 7.0968429588831523e-12
# Inversed polynomials
pol0: 3.2720346400118642e+03
pol1: 1.4415306121001811e+04
pol2: 4.0321626974696330e+04
pol3: 5.9855135190128596e+04
pol4: 3.7798721778269246e+04
pol5: -8.5127478465809745e+03
pol6: -2.6066142251370136e+04
pol7: -1.0313780171008071e+04
pol8: 3.2699778766188556e+03
pol9: 3.3300247187378009e+03
pol10: 6.7054718084139415e+02
pol11: 7.8969595588301966e-01
# Affine matrix
c: 1.0012207433047675e+00
d: 2.4721284550309423e-03
e: 1.8745296793339040e-04
# Principle point
u0: 5.2241536670877713e+02
v0: 9.6727024879976022e+02
# No mask used
mirrorMask: 0
