%YAML:1.0
---
Iw: 1920
Ih: 1080
nrpol: 5
nrinvpol: 12
# Polynomials
a0: -7.8054713868513227e+02
a1: 0.
a2: -4.5263723510150377e-103
a3: 1.2603033944906237e-105
a4: -7.7709317011423952e-109
# Inversed polynomials
pol0: 2.4887591367366322e+03
pol1: 8.1685193097200508e+03
pol2: 2.0165731923756193e+04
pol3: 2.7678818362985945e+04
pol4: 1.5913428256416037e+04
pol5: -2.3638008084842199e+03
pol6: -5.3073517111005985e+03
pol7: 1.6469976913545079e+03
pol8: 3.2320359872658237e+03
pol9: 6.0494412632485898e+02
pol10: -3.9431487222851007e+02
pol11: -1.2844630892473762e+02
# Affine matrix
c: 1.0012466021560513e+00
d: 3.3470600119103375e-03
e: -5.1567365769095478e-04
# Principle point
u0: 5.2223921466290562e+02
v0: 9.6008367535769491e+02
# No mask used
mirrorMask: 0
