%YAML:1.0
---
Iw: 1920
Ih: 1080
nrpol: 5
nrinvpol: 12
# Polynomials
a0: -8.4620367340507596e+02
a1: 0.
a2: 3.2070469196945249e-04
a3: 6.5656447452841903e-09
a4: 9.3974450373467859e-12
# Inversed polynomials
pol0: 3.3123071020795001e+03
pol1: 1.4588869061765079e+04
pol2: 4.0334915052184748e+04
pol3: 5.9115204272281015e+04
pol4: 3.7402179851346489e+04
pol5: -5.2690184520813173e+03
pol6: -1.8206609218989659e+04
pol7: -1.9122397842900662e+03
pol8: 8.0604767389489007e+03
pol9: 4.6863687454315968e+03
pol10: 7.7914998569671627e+02
pol11: -1.6087859936448925e+01
# Affine matrix
c: 1.0424542787287536e+00
d: 4.0707234294714515e-03
e: -1.9566579364272920e-04
# Principle point
u0: 5.6220649294375824e+02
v0: 9.8278837941800384e+02
# No mask used
mirrorMask: 0
