%YAML:1.0
---
nrCams: 4
# Extrinsic parameters: rotation vector in cayley and translation vector.
# Camera: CameraF
cam1_1: -2.1684043449710089e-19 # r1
cam1_2: -1.4326337400646629e-38 # r2
cam1_3: -6.6068569885835426e-20 # r3
cam1_4: 0. # t1
cam1_5: 4.3368086899420177e-19 # t2
cam1_6: -2.1684043449710089e-19 # t3
# Camera: CameraR
cam2_1: -9.9146782013770673e-01 # r1
cam2_2: 4.7748432355978601e-02 # r2
cam2_3: -9.5719903945296697e-02 # r3
cam2_4: -3.5101791025938943e-03 # t1
cam2_5: -4.6348827493714460e-02 # t2
cam2_6: 8.0654345919943679e-02 # t3
# Camera: CameraB
cam3_1: -5.2827572581239160e+01 # r1
cam3_2: -6.9578556492115418e-01 # r2
cam3_3: -9.2678696621011749e+00 # r3
cam3_4: -2.3239060666867480e-02 # t1
cam3_5: 3.0259731901086006e-02 # t2
cam3_6: 1.1978224367023266e-01 # t3
# Camera: CameraL
cam4_1: 1.0003930148240054e+00 # r1
cam4_2: 4.4150026372839032e-02 # r2
cam4_3: 9.0656627260524328e-02 # r3
cam4_4: 2.0901027755323154e-03 # t1
cam4_5: 7.5220458635377394e-02 # t2
cam4_6: 4.8639768269049928e-02 # t3
