%YAML:1.0
---
nrCams: 4
# Extrinsic parameters: rotation vector in cayley and translation vector.
# Camera: CameraF
cam1_1: -8.6736173798840345e-19 # r1
cam1_2: -1.1754943508222875e-38 # r2
cam1_3: -1.3552527156068805e-20 # r3
cam1_4: 0. # t1
cam1_5: -4.3368086899420177e-19 # t2
cam1_6: -6.9388939039072284e-18 # t3
# Camera: CameraR
cam2_1: -2.3572473942075858e-02 # r1
cam2_2: 1.1476051859926690e+00 # r2
cam2_3: 1.3111445778315636e-01 # r3
cam2_4: 1.4913919327416050e-02 # t1
cam2_5: 1.1323026106967280e-02 # t2
cam2_6: 3.4521596305459298e-02 # t3
# Camera: CameraB
cam3_1: 3.1239265615268019e+00 # r1
cam3_2: 1.1283273153563965e+02 # r2
cam3_3: 1.8231782750413974e+01 # r3
cam3_4: -5.5842905625689360e-02 # t1
cam3_5: 5.6888732876107170e-03 # t2
cam3_6: 9.2918156302396096e-02 # t3
# Camera: CameraL
cam4_1: -2.5833404122632499e-02 # r1
cam4_2: -8.6671273870427390e-01 # r2
cam4_3: -8.7441528230345039e-02 # r3
cam4_4: 1.2873553394714807e-01 # t1
cam4_5: -3.2061138723827607e-03 # t2
cam4_6: 7.8944169523849805e-02 # t3
