%YAML:1.0
---
nrCams: 4
# Extrinsic parameters: rotation vector in cayley and translation vector.
# Camera: CameraF
cam1_1: 0. # r1
cam1_2: 0. # r2
cam1_3: -4.3029273720518457e-19 # r3
cam1_4: 0. # t1
cam1_5: -4.3368086899420177e-19 # t2
cam1_6: 0. # t3
# Camera: CameraR
cam2_1: -1.0079436468032112e+00 # r1
cam2_2: 2.9736678854549618e-02 # r2
cam2_3: -9.2931226291071478e-02 # r3
cam2_4: 3.1840989782773678e-03 # t1
cam2_5: -3.6850303700967778e-02 # t2
cam2_6: 8.6231686564604795e-02 # t3
# Camera: CameraB
cam3_1: -5.9335942790197308e+01 # r1
cam3_2: -5.6786598844377334e-01 # r2
cam3_3: -9.6801203401111575e+00 # r3
cam3_4: -1.3482894603546305e-02 # t1
cam3_5: 2.8924797675980718e-02 # t2
cam3_6: 1.2009016746064564e-01 # t3
# Camera: CameraL
cam4_1: 1.0053043799069914e+00 # r1
cam4_2: 2.1621559402670666e-02 # r2
cam4_3: 9.9034309569688492e-02 # r3
cam4_4: -2.3152168810320634e-03 # t1
cam4_5: 7.5522364195801009e-02 # t2
cam4_6: 4.8515415293289656e-02 # t3
