%YAML:1.0
---
nrCams: 4
# Extrinsic parameters: rotation vector in cayley and translation vector.
# Camera: CameraF
cam1_1: 0. # r1
cam1_2: 0. # r2
cam1_3: 9.8255821881498839e-20 # r3
cam1_4: 0. # t1
cam1_5: 0. # t2
cam1_6: -4.3368086899420177e-19 # t3
# Camera: CameraR
cam2_1: 1.0283160506641382e+00 # r1
cam2_2: -3.7813524813772009e-02 # r2
cam2_3: -8.0949654678006508e-02 # r3
cam2_4: 1.0843211266319649e-02 # t1
cam2_5: -3.5385993545926829e-02 # t2
cam2_6: -9.5465485589360077e-02 # t3
# Camera: CameraB
cam3_1: 7.0207353997537950e+01 # r1
cam3_2: 4.7310322879031780e-02 # r2
cam3_3: -1.1563885632803178e+01 # r3
cam3_4: -1.7769364989400543e-02 # t1
cam3_5: 2.8645471367122966e-02 # t2
cam3_6: -1.2258740917504540e-01 # t3
# Camera: CameraL
cam4_1: -1.0044045921590119e+00 # r1
cam4_2: -1.4387017348202052e-02 # r2
cam4_3: 9.0096420699268362e-02 # r3
cam4_4: -1.6956779732473243e-03 # t1
cam4_5: 7.5663915770245851e-02 # t2
cam4_6: -4.9337980521670939e-02 # t3
