%YAML:1.0
---
nrCams: 4
# Extrinsic parameters: rotation vector in cayley and translation vector.
# Camera: CameraF
cam1_1: 0. # r1
cam1_2: 0. # r2
cam1_3: -1.7110065534536867e-19 # r3
cam1_4: 0. # t1
cam1_5: -2.1684043449710089e-19 # t2
cam1_6: 0. # t3
# Camera: CameraR
cam2_1: 1.0283160583329634e+00 # r1
cam2_2: -3.7813535622614511e-02 # r2
cam2_3: -8.0949637479302505e-02 # r3
cam2_4: 1.0843192021719163e-02 # t1
cam2_5: -3.5385995897978799e-02 # t2
cam2_6: -9.5465487635255766e-02 # t3
# Camera: CameraB
cam3_1: 7.0207365897125200e+01 # r1
cam3_2: 4.7309331517434605e-02 # r2
cam3_3: -1.1563887320102429e+01 # r3
cam3_4: -1.7769384253995428e-02 # t1
cam3_5: 2.8645474213924063e-02 # t2
cam3_6: -1.2258740746048442e-01 # t3
# Camera: CameraL
cam4_1: -1.0044045894740161e+00 # r1
cam4_2: -1.4386999613316909e-02 # r2
cam4_3: 9.0096422882019828e-02 # r3
cam4_4: -1.6956906364481213e-03 # t1
cam4_5: 7.5663917183761628e-02 # t2
cam4_6: -4.9337979075638527e-02 # t3
