%YAML:1.0
---
Cameras:
   -
      Name: CameraF
      C: 9.9911527065419670e-01
      D: 5.0324931231368730e-03
      E: -3.3783526655666914e-03
      U0: 9.7163438774899464e+02
      V0: 5.4508111767665548e+02
      Poly: [ -7.7748508987565447e+02, 0., 1.5689568752817909e-102,
          -3.6605025063015884e-106, -8.0043223603392579e-109 ]
      InversePoly: [ 3.6723153161297291e+03, 1.6464896735604474e+04,
          4.3837330071117241e+04, 6.1051948783582513e+04,
          3.5832083805198112e+04, -7.1242500384248870e+03,
          -1.8367223603818813e+04, -2.6578102209213184e+03,
          6.0443449977785131e+03, 3.1596508052315353e+03,
          3.0255974256992050e+02, -6.8387378044172166e+01 ]
      Rvec: [ 0., 0., 0. ]
      Tvec: [ 4.3368086899420177e-19, 2.1684043449710089e-19, 0. ]
   -
      Name: CameraR
      C: 9.5890771499307426e-01
      D: 1.4171294994547148e-03
      E: 5.5694152832610317e-04
      U0: 9.9462586401444753e+02
      V0: 5.6101166544968532e+02
      Poly: [ -7.3509167031572781e+02, 0., -2.9939269524478226e-102,
          9.1131163995845269e-105, -5.7270790140748965e-108 ]
      InversePoly: [ 3.9110026400116603e+03, 1.8634172712489300e+04,
          5.2868572951607784e+04, 8.0305466757300252e+04,
          5.6705145488144539e+04, -9.5551115694164321e+02,
          -3.0394874558723241e+04, -1.9349963983391623e+04,
          -3.5743577074830205e+03, 4.6647278847121260e+02,
          4.2455357335548690e+01, -5.2591830572785703e+01 ]
      Rvec: [ -8.0221208730279686e-02, 1.5585961056861974e+00,
          1.4773769126672803e-01 ]
      Tvec: [ -4.6385967605354052e-02, -3.5773007915314748e-03,
          8.0613095485480485e-02 ]
   -
      Name: CameraB
      C: 9.9867423563054858e-01
      D: 1.2931267526862262e-03
      E: 1.6176385951815365e-03
      U0: 9.5885489435384750e+02
      V0: 5.2205567619164287e+02
      Poly: [ -7.8671257788815672e+02, 0., -4.5722992734098311e-103,
          1.2719027098134227e-105, -7.8408455514149791e-109 ]
      InversePoly: [ 2.6912845584353117e+03, 9.7284367131286926e+03,
          2.4975303255909541e+04, 3.4688316658278243e+04,
          1.9217596667383550e+04, -6.4109143377932560e+03,
          -1.2134343755150665e+04, -1.9326083728695965e+03,
          3.0556561817773490e+03, 1.1498813059915713e+03,
          -2.0043087258726572e+02, -1.1000450522103689e+02 ]
      Rvec: [ 2.9589960396964262e-02, 3.0563212057528362e+00,
          5.3604746015651572e-01 ]
      Tvec: [ 3.0706283575144881e-02, -2.3113663773429230e-02,
          1.1980488598146626e-01 ]
   -
      Name: CameraL
      C: 9.6006114287463085e-01
      D: 4.1331592813518116e-03
      E: -1.5584399857404116e-03
      U0: 9.4701024257162771e+02
      V0: 5.3152470225294394e+02
      Poly: [ -8.1973958843827700e+02, 0., -5.7863229347071593e-103,
          1.6682416785373884e-105, -1.0772420768645842e-108 ]
      InversePoly: [ 2.0519676860635818e+03, 4.4047039388664707e+03,
          8.6054603117325605e+03, 1.0633289239502148e+04,
          5.3072634100027417e+03, -9.4801285439256219e+02,
          -1.4499001964746913e+03, -2.1289803416786182e+02,
          -1.0494877988647283e+03, -1.5821114823522164e+03,
          -7.9502700382779869e+02, -1.3727637427079969e+02 ]
      Rvec: [ -6.1803348762015847e-02, -1.5686671420333227e+00,
          -1.4279031036016457e-01 ]
      Tvec: [ 7.5165755134329854e-02, 2.4142871959278974e-03,
          4.8600021116603019e-02 ]
