%YAML:1.0
---
cameras:
   -
      c: 9.9813079058294207e-01
      d: 9.3970070461442531e-04
      e: 1.2278018156840226e-03
      u0: 9.7462707285847625e+02
      v0: 5.4646805496988247e+02
      poly: [ -8.5632094678946794e+02, 0., 8.1650486276357281e-05,
          4.7304610911629168e-07, -2.3868631699056295e-10 ]
      inv_poly: [ 1.5207851103570432e+04, 2.3007364947048615e+05,
          1.6805401306220158e+06, 7.0963976155360602e+06,
          1.9147952931884911e+07, 3.4725335022305317e+07,
          4.3304684822166421e+07, 3.7242084302802436e+07,
          2.1706648437420338e+07, 8.1878727575081028e+06,
          1.8032987431125536e+06, 1.7606305728645378e+05 ]
      rvec: [ -3.7877404903165972e-03, -2.1886923204868562e-02,
          4.3260874437239206e-03 ]
      tvec: [ 1.1653551925497819e-02, 2.1737543715642802e-03,
          4.7065765376520224e-03 ]
   -
      c: 9.8388257200238838e-01
      d: 2.6620491446882780e-03
      e: -1.3971564290447243e-02
      u0: 9.4568278319911963e+02
      v0: 5.1973117178581617e+02
      poly: [ -2.3039129033279924e+03, 0., 5.4011251556898236e-03,
          -9.5142420322163707e-06, 4.6422188579935804e-09 ]
      inv_poly: [ -4.9091896483464829e+04, -5.9810978169475158e+05,
          -3.0307243888581907e+06, -8.5218638893277925e+06,
          -1.4296672896372745e+07, -1.3811512667973667e+07,
          -5.4023293982528262e+06, 3.4250785359636699e+06,
          5.7658946166744139e+06, 3.3192121188389710e+06,
          9.3385549756959220e+05, 1.0706081238491244e+05 ]
      rvec: [ -6.1184386271379121e-02, 1.8934944294025404e+00,
          2.0833362691008830e-01 ]
      tvec: [ 1.9771492325021936e-01, 2.9410453463875792e-02,
          -3.6418572875788191e-01 ]
   -
      c: 9.9870081965253399e-01
      d: -2.0289447729797826e-03
      e: 4.6194857053606991e-03
      u0: 9.6679749768738986e+02
      v0: 5.2309718836867842e+02
      poly: [ -8.3569697588870986e+02, 0., 1.9184270651627182e-04,
          2.7281410792971632e-07, -1.3320492562869483e-10 ]
      inv_poly: [ 4.2116963832424626e+03, 3.7351677242033045e+04,
          2.1622372114575346e+05, 7.5668722529370221e+05,
          1.7244331837889536e+06, 2.6835469761353242e+06,
          2.9090518640965060e+06, 2.1964943959094142e+06,
          1.1320652696380867e+06, 3.7932145733384753e+05,
          7.4368605185874083e+04, 6.4625142154643345e+03 ]
      rvec: [ 5.0994738849980847e-02, 2.9949625268985778e+00,
          5.0056538556621522e-01 ]
      tvec: [ 3.2301665178688065e-02, 5.3805078130484925e-04,
          9.6048617617900345e-02 ]
   -
      c: 9.6055967576075540e-01
      d: -4.5405170022443956e-03
      e: 8.0966311664715622e-03
      u0: 9.4416210330243791e+02
      v0: 5.3920831487113423e+02
      poly: [ -8.7861244518029810e+02, 0., -3.0988552793722321e-04,
          1.3995243115482206e-06, -8.2359978888396236e-10 ]
      inv_poly: [ 6.0679998584026669e+05, 5.9329099799957518e+06,
          2.5117231410772037e+07, 5.9563048242745124e+07,
          8.4654772443587139e+07, 6.8419138033704951e+07,
          1.8715189614163548e+07, -2.0376434416880589e+07,
          -2.5552711612558842e+07, -1.2975377342518181e+07,
          -3.3324819963006135e+06, -3.5501186502072011e+05 ]
      rvec: [ -5.5661361881633425e-02, -1.6393452978094463e+00,
          -1.6174750798434123e-01 ]
      tvec: [ 4.5152707270000876e-02, 4.8533837357361484e-03,
          3.3034470617726575e-02 ]
