%YAML:1.0
---
cameras:
   -
      c: 9.9911902542768871e-01
      d: 7.4074273707545012e-04
      e: 9.1723852949116241e-04
      u0: 9.7164454463610207e+02
      v0: 5.4505769922019192e+02
      poly: [ -7.7748304776409998e+02, 0., 1.5689568752817909e-102,
          -3.6605025063015884e-106, -8.0043223603392579e-109 ]
      inverse_poly: [ 3.6669664790967440e+03, 1.6429960584426757e+04,
          4.3751540468897372e+04, 6.0962338477848964e+04,
          3.5818562530558651e+04, -7.0820015923782894e+03,
          -1.8355153803889141e+04, -2.6796464897181936e+03,
          6.0379273820790304e+03, 3.1714607776665985e+03,
          3.1085675864773543e+02, -6.6795232312790802e+01 ]
      rvec: [ 0., 0., 0. ]
      tvec: [ 0., 0., 0. ]
   -
      c: 9.5889671150363920e-01
      d: 1.9626194727893416e-03
      e: -2.4716311292154365e-05
      u0: 9.9463564659919598e+02
      v0: 5.6108841501545771e+02
      poly: [ -7.3483905150012936e+02, 0., -2.9939269524478258e-102,
          9.1131163995845254e-105, -5.7270790140749003e-108 ]
      inverse_poly: [ 3.2840604442360968e+03, 1.3662435166074416e+04,
          3.6241764549353866e+04, 5.0231275132887306e+04,
          2.6415635052660811e+04, -1.3332246653069624e+04,
          -2.1355610547067899e+04, -1.0765048711093114e+03,
          1.1030066313415882e+04, 7.3663225741834822e+03,
          1.9181537346301666e+03, 1.7300789489471765e+02 ]
      rvec: [ -7.7339280432211971e-02, 1.5589924756261306e+00,
          1.5158055853464644e-01 ]
      tvec: [ -4.6314238690828097e-02, -3.6328810749095392e-03,
          8.0676617356762223e-02 ]
   -
      c: 9.9867383610898619e-01
      d: 3.1310248701283982e-03
      e: -2.2631509797425029e-04
      u0: 9.5886337992051199e+02
      v0: 5.2207138832433509e+02
      poly: [ -7.8672766688169952e+02, 0., -4.5722992734098232e-103,
          1.2719027098134233e-105, -7.8408455514149716e-109 ]
      inverse_poly: [ 2.7001504848326558e+03, 9.7834484263022750e+03,
          2.5103142738720453e+04, 3.4812982988285126e+04,
          1.9234086133132223e+04, -6.4607928356068305e+03,
          -1.2145279199899047e+04, -1.9105872522510069e+03,
          3.0599339353074215e+03, 1.1397791797655639e+03,
          -2.0614996769102441e+02, -1.1089622070322567e+02 ]
      rvec: [ 3.3293444987496749e-02, 3.0571895106682248e+00,
          5.3643719041025750e-01 ]
      tvec: [ 3.0564372021108344e-02, -2.3071019418715435e-02,
          1.1975475049521081e-01 ]
   -
      c: 9.6005783929964983e-01
      d: 2.6207187732162386e-03
      e: 1.5336171457017899e-05
      u0: 9.4701011975017047e+02
      v0: 5.3151302643798442e+02
      poly: [ -8.1987868951805410e+02, 0., -5.7863229347031461e-103,
          1.6682416785360938e-105, -1.0772420768635016e-108 ]
      inverse_poly: [ 2.5538974057782248e+03, 7.8613894976623151e+03,
          1.7898198581058976e+04, 2.2065296019696343e+04,
          9.3885701363522494e+03, -5.4751813693279755e+03,
          -5.4127359059565824e+03, 9.1759755657114817e+02,
          1.3188636469631583e+03, -7.7630624952693006e+02,
          -8.1696679081515958e+02, -1.7562580174544712e+02 ]
      rvec: [ -6.6423753882493844e-02, -1.5682430220103147e+00,
          -1.4065224621979822e-01 ]
      tvec: [ 7.5221123497712719e-02, 2.2959801593870517e-03,
          4.8584138339279638e-02 ]
