%YAML:1.0
---
CameraCount: 4
Cameras:
  -
    Name: CameraB
    C: 1.001390
    D: -0.012895
    E: 0.015240
    U0: 969.058293
    V0: 524.188949
    Poly: [-8.417455e+02, 0.000000e+00, 3.553348e-04, -5.558966e-08, 3.943842e-11]
    InversePoly: [1522.903681, 1200.277866, 141.951602, -83.388455, -73.594088, -14.335256, 0, 0, 0, 0, 0, 0]
  -
    Name: CameraF
    C: 1.001381
    D: 0.003013
    E: 0.000185
    U0: 972.169434
    V0: 543.307426
    Poly: [-8.586939e+02, 0.000000e+00, 3.214071e-04, -4.660164e-09, 1.666679e-11]
    InversePoly: [1554.774325, 1265.421872, 281.156551, 79.819897, 10.448525, 1.571773, 0, 0, 0, 0, 0, 0]
  -
    Name: CameraL
    C: 1.041565
    D: -0.011391
    E: 0.014607
    U0: 938.675655
    V0: 533.893794
    Poly: [-8.474350e+02, 0.000000e+00, 3.325535e-04, -1.439562e-08, 2.011144e-11]
    InversePoly: [1537.677832, 1259.231156, 282.940325, 72.614890, 3.879883, 0, 0, 0, 0, 0, 0, 0]
  -
    Name: CameraR
    C: 1.042605
    D: 0.001798
    E: 0.001225
    U0: 991.428545
    V0: 564.194582
    Poly: [-8.332481e+02, 0.000000e+00, 3.346354e-04, -1.672284e-08, 1.529541e-11]
    InversePoly: [1552.289277, 1348.296049, 397.279192, 134.562717, 19.943907, 1.518667, 0, 0, 0, 0, 0, 0]
          
