%YAML:1.0
---
CameraCount: 4
Cameras:
  -
    Name: CameraB
    C: 1.041943
    D: -0.018292
    E: 0.019653
    U0: 532.219322
    V0: 944.023417
    Poly: [-8.515076e+02, 0.000000e+00, 3.476116e-04, -4.297106e-08, 3.321357e-11]
    InversePoly: [1536.324310, 1219.106441, 179.263082, -38.775497, -51.206071, -10.225804, 0, 0, 0, 0, 0, 0]
  -
    Name: CameraF
    C: 1.042212
    D: -0.000146
    E: 0.002555
    U0: 563.497328
    V0: 992.694920
    Poly: [-8.485844e+02, 0.000000e+00, 3.401394e-04, -2.553955e-08, 2.379171e-11]
    InversePoly: [1540.104558, 1259.519109, 266.826494, 44.925528, -13.235509, -3.625862, 0, 0, 0, 0, 0, 0]
  -
    Name: CameraL
    C: 1.001496
    D: 0.002018
    E: 0.000316
    U0: 522.322207
    V0: 967.829710
    Poly: [-8.468553e+02, 0.000000e+00, 3.430394e-04, -2.980985e-08, 2.483181e-11]
    InversePoly: [1541.247494, 1267.147538, 271.814368, 41.537726, -17.133086, -4.580771, 0, 0, 0, 0, 0, 0]
  -
    Name: CameraR
    C: 1.001426
    D: -0.003622
    E: 0.005948
    U0: 543.291066
    V0: 972.884459
    Poly: [-8.541171e+02, 0.000000e+00, 3.360824e-04, -2.240426e-08, 2.096470e-11]
    InversePoly: [1556.711198, 1289.215558, 298.851484, 67.750380, -4.675531, -2.305431, 0, 0, 0, 0, 0, 0]
          
